colsample_bytree: 0.5892358393266599
learning_rate: 0.026649359980053036
max_depth: 10
min_data_in_leaf: 24
n_estimators: 1368
subsample: 0.9170039276791857
