colsample_bytree: 0.7058916838426581
gamma: 0.0009768806673497782
learning_rate: 0.003805346501498945
max_depth: 8
min_child_weight: 2
n_estimators: 1485
subsample: 0.7700843690768302
