batch_size: 512
d_hidden_factor: 2.1620699183316607
d_token: 272
data_config_path: configs/datasets/allstate.yaml
dataset_name: allstate
dropout: 0.36656535713505684
learning_rate: 0.0009013686441081353
model_name: resnet
n_layers: 2
optimize_metric: rmse
out_dim: 1
task_type: regression
weight_decay: 0.011015818410858564
