colsample_bylevel: 0.5817600755463344
learning_rate: 0.0965334782142455
max_depth: 9
min_data_in_leaf: 23
n_estimators: 1686
subsample: 0.5862907064397933
