batch_size: 1024
d_emb: 368
d_ff_factor: 2.52216097516293
data_config_path: configs/datasets/covertype.yaml
dataset_name: covertype
dropout: 0.14818909366296262
lambda_bal: 0.026990035502836435
lambda_repel: 0.061702114830789336
lambda_spec: 0.46372895366763467
learning_rate: 0.0003837019748184883
model_name: daf_moe
mu_init_strategy: normal
n_experts: 8
n_layers: 4
optimize_metric: acc
out_dim: 7
task_type: classification
weight_decay: 0.0027101947442916313
