colsample_bytree: 0.7788263794392843
learning_rate: 0.28497060848590644
max_depth: 9
min_data_in_leaf: 9
n_estimators: 1812
subsample: 0.7366370701490699
