colsample_bytree: 0.8416065482694302
gamma: 1.9426991733641748e-08
learning_rate: 0.0386525959979454
max_depth: 9
min_child_weight: 5
n_estimators: 1162
subsample: 0.6571695470522904
