colsample_bytree: 0.9698426220175334
gamma: 1.008554146139079e-08
learning_rate: 0.01899844850590619
max_depth: 7
min_child_weight: 8
n_estimators: 1315
subsample: 0.6408258258618528
