colsample_bytree: 0.8112662389264393
gamma: 1.2562674362790605e-06
learning_rate: 0.029655426165113952
max_depth: 9
min_child_weight: 9
n_estimators: 1803
subsample: 0.5890413569343624
