colsample_bytree: 0.7554682219156207
gamma: 5.0783254862156436e-08
learning_rate: 0.015988691686666466
max_depth: 9
min_child_weight: 9
n_estimators: 993
subsample: 0.7664542448609134
