colsample_bylevel: 0.8312567678269636
learning_rate: 0.06005717121154954
max_depth: 7
min_data_in_leaf: 17
n_estimators: 859
subsample: 0.5862765711238483
