batch_size: 512
d_emb: 144
d_ff_factor: 0.861328591179368
data_config_path: configs/datasets/mimic4.yaml
dataset_name: mimic4
dropout: 0.2782356753474637
lambda_bal: 0.02038235195047372
lambda_repel: 0.06338011201681906
lambda_spec: 0.2972783659018966
learning_rate: 0.00015654051625612494
model_name: daf_moe
mu_init_strategy: linspace
n_experts: 8
n_layers: 2
optimize_metric: auprc
out_dim: 1
task_type: classification
weight_decay: 0.006391852668649062
