colsample_bytree: 0.8946331792145449
gamma: 3.044155582706421e-08
learning_rate: 0.11048462894649744
max_depth: 3
min_child_weight: 2
n_estimators: 667
subsample: 0.8255112291392005
