colsample_bylevel: 0.6211361914020914
learning_rate: 0.061731963984700815
max_depth: 5
min_data_in_leaf: 21
n_estimators: 906
subsample: 0.866895137313936
