batch_size: 256
d_emb: 32
d_ff_factor: 0.8076393323886617
data_config_path: configs/datasets/nhanes.yaml
dataset_name: nhanes
dropout: 0.498553079771759
lambda_bal: 0.011942878373665266
lambda_repel: 0.03618578386254026
lambda_spec: 0.1510572107480278
learning_rate: 8.8821882318109e-05
model_name: daf_moe
mu_init_strategy: normal
n_experts: 4
n_layers: 1
optimize_metric: acc
out_dim: 1
task_type: classification
weight_decay: 0.0012938103988556734
